95 213 17 48 00    5.88
95 213 17 49 00    5.29
95 213 17 50 00    4.93
95 213 17 51 00    4.83
95 213 17 52 00    4.93
95 213 17 53 00    5.18
95 213 17 54 00    5.56
95 213 17 55 00    6.06
95 213 17 56 00    6.25
95 213 17 57 00    5.65
95 213 17 58 00    4.25
95 213 17 59 00    2.15
95 213 21 08 00   -5.41
95 213 21 09 00   -5.60
95 213 21 10 00   -5.67
95 213 21 11 00   -5.66
95 213 21 12 00   -5.62
95 213 21 13 00   -5.59
95 213 21 14 00   -5.56
95 213 21 15 00   -5.55
95 213 21 16 00   -5.57
95 213 21 17 00   -5.61
95 213 21 18 00   -5.63
95 213 21 19 00   -5.62
95 213 21 20 00   -5.58
95 213 21 21 00   -5.56
95 213 21 22 00   -5.54
95 213 21 23 00   -5.55
95 213 21 24 00   -5.58
95 213 21 25 00   -5.64
95 213 21 26 00   -5.70
95 213 21 27 00   -5.66
95 213 21 28 00   -5.51
95 213 21 29 00   -5.31
95 213 21 30 00   -5.42
95 213 21 31 00   -5.94
95 213 21 32 00   -6.56
95 213 21 33 00   -6.10
95 213 21 34 00   -4.23
95 213 21 35 00   -1.42
95 213 22 30 00   -7.61
95 213 22 31 00   -4.24
95 213 22 32 00   -3.35
95 213 22 33 00   -4.42
95 213 22 34 00   -5.33
95 213 22 35 00   -5.54
95 213 22 36 00   -5.22
95 213 22 37 00   -4.97
95 213 22 38 00   -4.92
95 213 22 39 00   -5.04
95 213 22 40 00   -5.12
95 213 22 41 00   -5.12
95 213 22 42 00   -5.06
95 213 22 43 00   -5.02
95 213 22 44 00   -5.04
95 213 22 45 00   -5.09
95 213 22 46 00   -5.11
95 213 22 47 00   -5.09
95 213 22 48 00   -5.04
95 213 22 49 00   -5.02
95 213 22 50 00   -5.05
95 213 22 51 00   -5.10
95 213 22 52 00   -5.11
95 213 22 53 00   -5.07
95 213 22 54 00   -5.00
95 213 22 55 00   -5.00
95 213 22 56 00   -5.11
95 213 22 57 00   -5.28
95 213 22 58 00   -5.40
95 213 22 59 00   -5.42
95 213 23 00 00   -5.37
95 213 23 01 00   -5.32
95 213 23 02 00   -5.28
95 213 23 03 00   -5.26
95 213 23 04 00   -5.27
95 213 23 05 00   -5.31
95 213 23 06 00   -5.36
95 213 23 07 00   -5.38
95 213 23 08 00   -5.38
95 213 23 09 00   -5.37
95 213 23 10 00   -5.36
95 213 23 11 00   -5.35
95 213 23 12 00   -5.34
95 213 23 13 00   -5.32
95 213 23 14 00   -5.29
95 213 23 15 00   -5.29
95 213 23 16 00   -5.32
95 213 23 17 00   -5.37
95 213 23 18 00   -5.38
95 213 23 19 00   -5.33
95 213 23 20 00   -5.29
95 213 23 21 00   -5.36
95 213 23 22 00   -5.57
95 213 23 23 00   -5.63
95 213 23 24 00   -5.17
95 213 23 25 00   -4.17
95 213 23 26 00   -3.04
95 213 23 27 00   -2.17
95 213 23 28 00   -1.57
95 213 23 29 00   -1.25
95 213 23 30 00   -1.19
95 213 23 31 00   -1.41
95 213 23 32 00   -1.91
95 213 23 33 00   -2.65
95 213 23 34 00   -3.32
95 213 23 35 00   -3.74
95 213 23 36 00   -3.90
95 213 23 37 00   -3.81
95 213 23 38 00   -3.61
95 213 23 39 00   -3.50
95 213 23 40 00   -3.47
95 213 23 41 00   -3.54
95 213 23 42 00   -3.65
95 213 23 43 00   -3.67
95 213 23 44 00   -3.59
95 213 23 45 00   -3.39
95 213 23 46 00   -3.12
95 213 23 47 00   -3.08
95 213 23 48 00   -3.39
95 213 23 49 00   -4.04
95 213 23 50 00   -4.99
95 213 23 51 00   -5.40
95 213 23 52 00   -4.57
95 213 23 53 00   -2.48
95 213 23 57 00   -4.62
95 213 23 58 00  -15.59
95 213 23 59 00  -26.30
95 214 00 00 00  -26.17
95 214 00 01 00  -25.59
95 214 00 02 00  -26.90
95 214 00 03 00  -25.02
95 214 00 04 00  -26.68
95 214 00 05 00  -31.24
95 214 00 06 00   33.48
95 214 00 07 00   34.31
95 214 00 08 00   33.26
95 214 00 09 00   29.11
95 214 00 10 00   11.35
95 214 00 14 00   -2.71
95 214 00 15 00   -6.64
95 214 00 16 00   -7.24
95 214 00 17 00   -5.66
95 214 00 18 00   -4.61
95 214 00 19 00   -4.47
95 214 00 20 00   -4.92
95 214 00 21 00   -5.22
95 214 00 22 00   -5.24
95 214 00 23 00   -5.09
95 214 00 24 00   -5.00
95 214 00 25 00   -4.99
95 214 00 26 00   -5.05
95 214 00 27 00   -5.11
95 214 00 28 00   -5.16
95 214 00 29 00   -5.17
95 214 00 30 00   -5.05
95 214 00 31 00   -4.81
95 214 00 32 00   -4.62
95 214 00 33 00   -5.00
95 214 00 34 00   -6.00
95 214 00 35 00   -6.80
95 214 00 36 00   -5.45
95 214 00 37 00   -1.67
95 214 00 39 00   -3.59
95 214 00 40 00  -17.87
95 214 00 41 00  -28.61
95 214 00 42 00  -30.84
95 214 00 43 00  -28.00
95 214 00 44 00  -30.86
95 214 00 45 00  -28.52
95 214 00 46 00  -15.08
95 214 00 47 00   -1.06
95 214 00 48 00    -.28
95 214 00 49 00   -5.73
95 214 00 50 00   -7.92
95 214 00 51 00   -6.78
95 214 00 52 00   -5.66
95 214 00 53 00   -5.67
95 214 00 54 00   -6.20
95 214 00 55 00   -6.33
95 214 00 56 00   -6.10
95 214 00 57 00   -5.94
95 214 00 58 00   -6.00
95 214 00 59 00   -6.13
95 214 01 00 00   -6.14
95 214 01 01 00   -6.03
95 214 01 02 00   -6.01
95 214 01 03 00   -6.15
95 214 01 04 00   -6.26
95 214 01 05 00   -6.07
95 214 01 06 00   -5.71
95 214 01 07 00   -5.86
95 214 01 08 00   -6.70
95 214 01 09 00   -7.05
95 214 01 10 00   -5.22
95 214 01 11 00   -1.64
95 214 01 48 00   -7.71
95 214 01 49 00   -4.29
95 214 01 50 00   -3.37
95 214 01 51 00   -4.40
95 214 01 52 00   -5.29
95 214 01 53 00   -5.55
95 214 01 54 00   -5.31
95 214 01 55 00   -5.08
95 214 01 56 00   -5.00
95 214 01 57 00   -5.04
95 214 01 58 00   -5.08
95 214 01 59 00   -5.09
95 214 02 00 00   -5.09
95 214 02 01 00   -5.12
95 214 02 02 00   -5.18
95 214 02 03 00   -5.24
95 214 02 04 00   -5.14
95 214 02 05 00   -4.83
95 214 02 06 00   -4.49
95 214 02 07 00   -4.85
95 214 02 08 00   -6.08
95 214 02 09 00   -7.45
95 214 02 10 00   -6.17
95 214 02 11 00   -1.57
95 214 02 13 00   -1.06
95 214 02 14 00  -18.45
95 214 02 15 00  -40.16
95 214 02 16 00   39.22
95 214 02 17 00   39.92
95 214 02 18 00   40.61
95 214 02 19 00   46.96
95 214 02 20 00   45.03
95 214 02 21 00   45.98
95 214 02 22 00   50.79
95 214 02 23 00   54.52
95 214 02 24 00   53.99
95 214 02 25 00   15.60
95 214 02 26 00  -10.08
95 214 02 27 00  -14.38
95 214 02 28 00  -12.63
95 214 02 29 00  -13.34
95 214 02 30 00  -12.94
95 214 02 31 00  -13.54
95 214 02 32 00  -12.51
95 214 02 33 00  -13.54
95 214 02 34 00  -12.95
95 214 02 35 00  -12.99
95 214 02 36 00  -13.49
95 214 02 37 00  -12.82
95 214 02 38 00  -14.90
95 214 02 39 00  -14.79
95 214 02 40 00  -14.81
95 214 02 41 00  -14.81
95 214 02 42 00  -14.81
95 214 02 43 00  -14.81
95 214 02 44 00  -14.79
95 214 02 45 00  -14.88
95 214 02 46 00  -14.51
95 214 02 47 00  -17.76
95 214 02 48 00  -20.42
95 214 02 49 00  -21.18
95 214 02 50 00  -20.58
95 214 02 51 00  -21.31
95 214 02 52 00  -20.43
95 214 02 53 00  -21.14
95 214 02 54 00  -21.83
95 214 02 55 00  -26.87
95 214 02 56 00  -27.51
95 214 02 57 00  -26.59
95 214 02 58 00  -27.24
95 214 02 59 00  -27.34
95 214 03 00 00  -23.12
95 214 03 01 00  -23.19
95 214 03 02 00  -22.58
95 214 03 03 00  -23.27
95 214 03 04 00  -22.63
95 214 03 05 00  -23.22
95 214 03 06 00  -22.80
95 214 03 07 00  -19.69
95 214 03 08 00  -20.90
95 214 03 09 00  -21.05
95 214 03 10 00  -20.57
95 214 03 11 00  -20.97
95 214 03 12 00  -20.68
95 214 03 13 00  -20.45
95 214 03 14 00  -31.41
95 214 03 15 00  -58.21
95 214 03 16 00   56.36
95 214 03 17 00   33.95
95 214 03 19 00  -12.55
95 214 03 20 00  -12.08
95 214 03 21 00  -10.63
95 214 03 22 00  -11.52
95 214 03 23 00  -11.18
95 214 03 24 00  -11.18
95 214 03 25 00  -11.14
95 214 03 26 00  -11.05
95 214 03 27 00  -11.20
95 214 03 28 00  -11.18
95 214 03 29 00  -11.62
95 214 03 30 00  -11.06
95 214 03 31 00   -7.31
95 214 03 32 00   -4.33
95 214 03 33 00   -3.39
95 214 03 34 00   -4.24
95 214 03 35 00   -5.22
95 214 03 36 00   -5.57
95 214 03 37 00   -5.37
95 214 03 38 00   -5.13
95 214 03 39 00   -5.05
95 214 03 40 00   -5.12
95 214 03 41 00   -5.18
95 214 03 42 00   -5.17
95 214 03 43 00   -5.11
95 214 03 44 00   -5.06
95 214 03 45 00   -5.06
95 214 03 46 00   -5.09
95 214 03 47 00   -5.13
95 214 03 48 00   -5.16
95 214 03 49 00   -5.19
95 214 03 50 00   -5.18
95 214 03 51 00   -5.12
95 214 03 52 00   -5.04
95 214 03 53 00   -5.09
95 214 03 54 00   -5.32
95 214 03 55 00   -5.61
95 214 03 56 00   -5.37
95 214 03 57 00   -4.41
95 214 03 58 00   -3.23
95 214 03 59 00   -4.05
95 214 04 00 00   -7.51
95 214 04 01 00  -12.49
95 214 04 02 00  -13.93
95 214 04 03 00  -13.97
95 214 04 04 00  -13.54
95 214 04 05 00  -13.39
95 214 04 06 00  -13.75
95 214 04 07 00  -13.72
95 214 04 08 00  -13.92
95 214 04 09 00  -13.70
95 214 04 10 00  -13.27
95 214 04 11 00  -13.84
95 214 04 12 00  -13.73
95 214 04 13 00  -15.02
95 214 04 14 00  -15.30
95 214 04 15 00  -15.36
95 214 04 16 00  -15.23
95 214 04 17 00  -15.38
95 214 04 18 00  -15.23
95 214 04 19 00  -15.36
95 214 04 20 00  -15.31
95 214 04 21 00  -15.04
95 214 04 22 00  -17.47
95 214 04 23 00  -21.55
95 214 04 24 00  -22.18
95 214 04 25 00  -23.43
95 214 04 26 00  -21.43
95 214 04 27 00  -22.96
95 214 04 28 00  -22.60
95 214 04 29 00  -15.92
95 214 04 30 00   -5.25
95 214 04 31 00   -5.27
95 214 04 32 00   -8.51
95 214 04 33 00   -8.55
95 214 04 34 00   -7.73
95 214 04 35 00   -7.76
95 214 04 36 00   -7.97
95 214 04 37 00   -7.95
95 214 04 38 00   -7.90
95 214 04 39 00   -7.92
95 214 04 40 00   -7.91
95 214 04 41 00   -7.88
95 214 04 42 00   -7.94
95 214 04 43 00   -8.07
95 214 04 44 00   -7.88
95 214 04 45 00   -7.60
95 214 04 46 00   -8.37
95 214 04 47 00   -9.07
95 214 04 48 00   -5.79
95 214 05 52 00    4.29
95 214 05 53 00    4.29
95 214 05 54 00    4.29
95 214 05 55 00    4.29
95 214 05 56 00    4.29
95 214 05 57 00    4.29
95 214 05 58 00    4.29
95 214 05 59 00    4.29
95 214 20 23 00    3.00
95 214 20 24 00    3.00
95 214 20 25 00    3.00
95 214 20 26 00    3.00
95 214 20 27 00    3.00
95 214 21 30 00    5.52
95 214 21 31 00    4.06
95 214 21 32 00    2.90
95 214 21 33 00    2.04
95 214 21 34 00    1.47
95 214 21 35 00    1.21
95 214 21 36 00    1.24
95 214 21 37 00    1.57
95 214 21 38 00    2.14
95 214 21 39 00    2.67
95 214 21 40 00    3.08
95 214 21 41 00    3.35
95 214 21 42 00    3.50
95 214 21 43 00    3.51
95 214 21 44 00    3.40
95 214 21 45 00    3.21
95 214 21 46 00    2.99
95 214 21 47 00    2.75
95 214 21 48 00    2.49
95 214 21 49 00    2.21
95 214 21 50 00    1.91
95 214 21 51 00    1.59
95 214 21 52 00    1.26
95 214 21 53 00     .90
95 214 22 34 00    3.00
95 214 22 35 00    3.00
95 214 22 36 00    3.00
95 214 22 37 00    3.00
95 214 22 38 00    3.00
95 215 06 17 00   20.09
95 215 06 18 00   32.14
95 215 06 19 00   42.15
95 215 06 20 00    9.10
95 215 06 21 00    2.67
95 215 06 22 00    5.60
95 215 06 23 00    6.07
95 215 06 24 00    4.10
95 215 07 16 00    3.06
95 215 07 17 00    1.26
95 215 07 18 00     .61
95 215 07 19 00    1.10
95 215 07 20 00    2.73
95 215 07 21 00    5.50
95 215 07 22 00    8.34
95 215 07 23 00    7.79
95 215 07 24 00    5.95
95 215 07 25 00    6.49
95 215 07 26 00   10.20
95 215 07 27 00   16.48
95 215 07 28 00   17.29
95 215 07 29 00   14.54
95 215 07 30 00    7.73
95 215 07 31 00    6.08
95 215 07 32 00    6.20
95 215 07 33 00    6.22
95 215 07 34 00    6.08
95 215 07 35 00    5.75
95 215 07 36 00    5.22
95 215 07 37 00    4.49
95 215 07 38 00    3.57
95 215 07 39 00    2.45
95 215 07 40 00    1.13
95 215 07 54 00     .93
95 215 07 55 00    6.88
95 215 07 56 00   13.82
95 215 07 57 00   21.76
95 215 07 58 00   30.69
95 215 07 59 00   45.71
95 215 08 00 00   95.73
95 215 08 01 00  102.82
95 215 08 02 00   81.43
95 215 08 03 00   56.39
95 215 08 04 00   25.86
95 215 08 05 00   16.98
95 215 08 06 00   15.10
95 215 08 07 00   23.38
95 215 08 08 00   19.63
95 215 08 09 00    7.54
95 215 08 10 00    5.81
95 215 08 11 00    6.00
95 215 08 12 00    6.24
95 215 08 13 00    5.48
95 215 08 14 00    4.37
95 215 08 15 00    3.61
95 215 08 16 00    3.27
95 215 08 17 00    3.25
95 215 08 18 00    3.23
95 215 08 19 00    3.11
95 215 08 20 00    2.88
95 215 08 21 00    2.54
95 215 08 22 00    2.18
95 215 08 23 00    1.87
95 215 08 24 00    1.62
95 215 08 25 00    1.43
95 215 08 26 00    1.31
95 215 08 27 00    1.25
95 215 08 28 00    1.25
95 215 08 29 00    1.32
95 215 08 30 00    1.44
95 215 08 31 00    1.58
95 215 08 32 00    1.69
95 215 08 33 00    1.78
95 215 08 34 00    1.85
95 215 08 35 00    1.89
95 215 08 36 00    1.91
95 215 08 37 00    1.91
95 215 08 38 00    1.89
95 215 08 39 00    1.89
95 215 08 40 00    1.93
95 215 08 41 00    2.02
95 215 08 42 00    2.14
95 215 08 43 00    2.31
95 215 08 44 00    2.51
95 215 08 45 00    2.73
95 215 08 46 00    2.90
95 215 08 47 00    3.02
95 215 08 48 00    3.09
95 215 08 49 00    3.11
95 215 08 50 00    3.10
95 215 08 51 00    3.07
95 215 08 52 00    3.03
95 215 08 53 00    2.97
95 215 08 54 00    2.89
95 215 08 55 00    2.83
95 215 08 56 00    2.78
95 215 08 57 00    2.74
95 215 08 58 00    2.72
95 215 08 59 00    2.71
95 215 09 00 00    2.71
95 215 09 01 00    2.73
95 215 09 02 00    2.75
95 215 09 03 00    2.79
95 215 09 04 00    2.83
95 215 09 05 00    2.81
95 215 09 06 00    2.74
95 215 09 07 00    2.61
95 215 09 08 00    2.42
95 215 09 09 00    2.19
95 215 09 10 00    2.03
95 215 09 11 00    1.99
95 215 09 12 00    2.05
95 215 09 13 00    2.22
95 215 09 14 00    2.49
95 215 09 15 00    2.86
95 215 09 16 00    3.20
95 215 09 17 00    3.41
95 215 09 18 00    3.48
95 215 09 19 00    3.42
95 215 09 20 00    3.27
95 215 09 21 00    3.08
95 215 09 22 00    2.87
95 215 09 23 00    2.61
95 215 09 24 00    2.35
95 215 09 25 00    2.20
95 215 09 26 00    2.23
95 215 09 27 00    2.44
95 215 09 28 00    2.81
95 215 09 29 00    3.36
95 215 09 30 00    3.90
95 215 09 31 00    4.18
95 215 09 32 00    4.18
95 215 09 33 00    3.93
95 215 09 34 00    3.65
95 215 09 35 00    3.40
95 215 09 36 00    3.17
95 215 09 37 00    2.97
95 215 09 38 00    2.81
95 215 09 39 00    2.67
95 215 09 40 00    2.57
95 215 09 41 00    2.49
95 215 09 42 00    2.44
95 215 09 43 00    2.36
95 215 09 44 00    2.22
95 215 09 45 00    2.04
95 215 09 46 00    1.80
95 215 09 47 00    1.52
95 215 09 48 00    1.19
95 215 09 49 00     .81
95 216 08 58 00    8.60
95 216 08 59 00   26.82
95 216 09 00 00   14.67
95 216 09 01 00    6.56
95 216 09 02 00   26.01
95 216 09 03 00   19.23
95 216 09 04 00    9.47
95 216 09 05 00    4.43
95 216 09 06 00    1.28
95 216 09 11 00    1.14
95 216 09 12 00    2.87
95 216 09 13 00    5.16
95 216 09 14 00    8.02
95 216 09 15 00   10.51
95 216 09 16 00    7.63
95 217 12 07 00    3.00
95 217 12 08 00    3.00
95 217 12 09 00    3.00
95 217 12 10 00    3.00
95 217 12 11 00    3.00
95 220 20 28 00    4.07
95 220 20 29 00    2.95
95 220 20 30 00    2.40
95 220 20 31 00    2.42
95 220 20 32 00    3.02
95 220 20 33 00    4.04
95 220 20 34 00    4.63
95 220 20 35 00    4.45
95 220 20 36 00    3.50
95 220 20 37 00    1.79
95 220 20 40 00   16.05
95 220 20 41 00   51.06
95 220 20 42 00   53.72
95 220 20 43 00   52.30
95 220 20 44 00   70.50
95 220 20 45 00   77.15
95 220 20 46 00   88.41
95 220 20 47 00   88.53
95 220 20 48 00   81.62
95 220 20 49 00   85.89
95 220 20 50 00   77.91
95 220 20 51 00  129.28
95 220 20 52 00  156.13
95 220 20 53 00  132.26
95 220 20 54 00  128.35
95 220 20 55 00   99.01
95 220 20 56 00   84.95
95 220 20 57 00  100.79
95 220 20 58 00   75.35
95 220 20 59 00   76.10
95 220 21 00 00   48.09
95 220 21 01 00   29.33
95 220 21 02 00   23.21
95 220 21 03 00   12.96
95 220 21 04 00    8.55
95 220 21 05 00    5.83
95 220 21 06 00    3.17
95 221 01 14 00    3.00
95 221 01 15 00    3.00
95 221 01 16 00    3.00
95 221 01 17 00    3.00
95 221 01 18 00    3.00
95 221 10 19 00    3.00
95 221 10 20 00    3.00
95 221 10 21 00    3.00
95 221 10 22 00    3.00
95 221 10 23 00    3.00
95 221 10 24 00    3.00
95 221 10 25 00    3.00
95 221 10 26 00    3.00
95 221 10 27 00    3.00
95 221 10 28 00    3.00
95 221 10 29 00    3.00
95 222 14 32 00    9.52
95 222 14 33 00    5.38
95 222 14 34 00    9.44
95 222 14 35 00    9.10
95 222 14 36 00    6.22
95 222 14 37 00   24.81
95 222 14 38 00   43.13
95 222 14 39 00   25.66
95 222 14 40 00   18.94
95 222 14 41 00   10.85
95 222 14 42 00    4.42
95 222 14 43 00     .18
95 222 16 48 00   12.30
95 222 16 49 00    7.29
95 222 16 50 00   18.31
95 222 16 51 00   21.59
95 222 16 52 00   28.69
95 222 16 53 00   46.36
95 222 16 54 00   37.05
95 222 16 55 00   27.39
95 222 16 56 00   53.99
95 222 16 57 00   60.78
95 222 16 58 00   64.06
95 222 16 59 00   71.68
95 222 17 00 00   73.56
95 222 17 01 00   63.14
95 222 17 02 00   47.76
95 222 17 03 00   19.20
95 222 17 04 00    8.85
95 222 17 05 00    6.28
95 222 17 06 00    4.30
95 222 17 07 00    2.59
95 222 17 08 00    1.13
95 222 17 19 00     .47
95 222 17 20 00     .80
95 222 17 21 00    1.06
95 222 17 22 00    1.23
95 222 17 23 00    1.32
95 222 17 24 00    1.34
95 222 17 25 00    1.27
95 222 17 26 00    1.12
95 222 17 27 00     .89
95 224 13 19 00   14.67
95 224 13 21 00   19.27
95 224 13 22 00   55.73
95 224 13 23 00   93.16
95 224 13 24 00  126.82
95 224 13 25 00  149.39
95 224 13 26 00  152.57
95 224 13 27 00  143.00
95 224 13 28 00  121.01
95 224 13 29 00  109.26
95 224 13 30 00   95.44
95 224 13 31 00   66.82
95 224 13 32 00   61.88
95 224 13 33 00   52.97
95 224 13 34 00   49.69
95 224 13 35 00   47.70
95 224 13 36 00   40.00
95 224 13 37 00   31.36
95 224 13 38 00   35.14
95 224 13 39 00   20.14
95 224 13 40 00   14.09
95 224 13 41 00   11.79
95 224 13 42 00    6.77
95 224 13 43 00    2.65
95 224 13 44 00    1.11
95 224 13 45 00    4.06
95 224 13 46 00   11.61
95 224 13 47 00   21.80
95 224 13 48 00   20.87
95 224 13 49 00   18.99
95 224 13 50 00   18.39
95 224 13 51 00   20.58
95 224 13 52 00   18.31
95 224 13 53 00   17.73
95 224 13 54 00   18.29
95 224 13 55 00   17.42
95 224 13 56 00   16.45
95 224 13 57 00   15.19
95 224 13 58 00   15.86
95 224 13 59 00   15.79
95 224 14 00 00   15.32
95 224 14 01 00   14.41
95 224 14 02 00   13.11
95 224 14 03 00   10.93
95 224 14 04 00   10.99
95 224 14 05 00    9.99
95 224 14 06 00    8.30
95 224 14 07 00    7.03
95 224 14 08 00    5.92
95 224 14 09 00    4.84
95 224 14 10 00    3.85
95 224 14 11 00    3.04
95 224 14 12 00    2.44
95 224 14 13 00    2.04
95 224 14 14 00    1.84
95 224 14 15 00    1.85
95 224 14 16 00    1.97
95 224 14 17 00    2.08
95 224 14 18 00    2.15
95 224 14 19 00    2.19
95 224 14 20 00    2.18
95 224 14 21 00    2.14
95 224 14 22 00    2.07
95 224 14 23 00    1.96
95 224 14 24 00    1.84
95 224 14 25 00    1.72
95 224 14 26 00    1.60
95 224 14 27 00    1.48
95 224 14 28 00    1.35
95 224 14 29 00    1.23
95 224 14 30 00    1.10
95 224 14 31 00     .97
95 224 14 32 00     .84
95 224 14 33 00     .70
95 224 14 34 00     .57
95 224 14 35 00     .43
95 225 20 43 00    3.00
95 225 20 44 00    3.00
95 225 20 45 00    3.00
95 225 20 46 00    3.00
95 225 20 47 00    3.00
95 232 19 23 00    3.00
95 232 19 24 00    3.00
95 232 19 25 00    3.00
95 232 19 26 00    3.00
95 232 19 27 00    3.00
95 232 20 01 00    3.00
95 232 20 02 00    3.00
95 232 20 03 00    3.00
95 232 20 04 00    3.00
95 232 20 05 00    3.00
95 232 20 53 00    3.00
95 232 20 54 00    3.00
95 232 20 55 00    3.00
95 232 20 56 00    3.00
95 232 20 57 00    3.00
95 232 21 27 00    3.00
95 232 21 28 00    3.00
95 232 21 29 00    3.00
95 232 21 30 00    3.00
95 232 21 31 00    3.00
95 233 20 23 00    2.73
95 233 20 24 00    2.73
95 233 20 25 00    2.73
95 233 20 26 00    2.73
95 233 20 27 00    2.73
95 233 20 28 00    2.73
95 233 20 29 00    2.73
95 233 20 30 00    2.73
95 233 20 31 00    2.73
95 233 20 32 00    2.73
95 233 20 33 00    2.73
95 233 20 34 00    2.73
95 234 01 04 00    3.00
95 234 01 05 00    3.00
95 234 01 06 00    3.00
95 234 01 07 00    3.00
95 234 01 08 00    3.00
95 234 23 43 00   30.00
95 234 23 44 00   30.00
95 235 03 54 00    4.45
95 235 03 55 00   43.63
95 235 03 56 00   32.17
95 235 03 57 00   19.63
95 235 03 58 00   27.60
95 235 03 59 00   33.58
95 235 04 00 00   35.06
95 235 04 01 00   31.98
95 235 04 02 00   31.66
95 235 04 03 00   16.45
95 235 04 04 00   40.20
95 235 04 05 00   38.52
95 235 04 06 00   10.22
95 235 04 07 00    9.22
95 235 04 08 00   31.34
95 235 04 09 00   46.63
95 235 04 10 00   41.99
95 235 04 11 00   16.16
95 235 04 12 00    9.07
95 235 04 13 00    6.72
95 235 04 14 00    5.68
95 235 04 15 00    5.00
95 235 04 16 00    4.54
95 235 04 17 00    4.11
95 235 04 18 00    3.60
95 235 04 19 00    3.01
95 235 04 20 00    2.35
95 235 04 21 00    1.61
95 235 04 22 00     .80
95 235 04 36 00    2.80
95 235 04 37 00    6.38
95 235 04 38 00   10.51
95 235 04 39 00   15.20
95 235 04 40 00   19.97
95 235 04 41 00   18.18
95 235 04 42 00   16.87
95 235 04 43 00   12.51
95 235 04 44 00    8.25
95 235 04 45 00    4.58
95 235 04 46 00    1.49
95 235 04 57 00     .23
95 235 04 58 00     .94
95 235 04 59 00    1.54
95 235 05 00 00    2.01
95 235 05 01 00    2.35
95 235 05 02 00    2.57
95 235 05 03 00    2.67
95 235 05 04 00    2.64
95 235 05 05 00    2.53
95 235 05 06 00    2.37
95 235 05 07 00    2.15
95 235 05 08 00    1.88
95 235 05 09 00    1.55
95 235 05 10 00    1.17
95 235 05 11 00     .75
95 235 06 34 00    4.98
95 235 06 35 00    3.82
95 235 06 36 00    2.78
95 235 06 37 00    1.86
95 235 06 38 00    1.05
95 235 06 39 00     .36
95 235 06 51 00     .18
95 235 06 52 00     .57
95 235 06 53 00     .99
95 235 06 54 00    1.46
95 235 06 55 00    1.96
95 235 06 56 00    2.50
95 235 06 57 00    3.08
95 235 06 58 00    3.68
95 235 06 59 00    4.07
95 235 07 00 00    4.07
95 235 07 01 00    3.68
95 235 07 02 00    2.89
95 235 07 03 00    1.74
95 235 07 53 00   17.39
95 235 07 54 00   71.44
95 235 07 55 00   59.21
95 235 07 56 00   68.88
95 235 07 57 00   62.53
95 235 07 58 00   35.75
95 235 07 59 00   25.94
95 235 08 00 00   20.53
95 235 08 01 00   17.14
95 235 08 02 00   13.71
95 235 08 03 00   10.97
95 235 08 04 00   11.85
95 235 08 05 00    9.66
95 235 08 06 00    7.23
95 235 08 07 00   19.72
95 235 08 08 00   14.40
95 235 08 09 00    8.46
95 235 08 10 00    9.18
95 235 08 11 00    3.69
95 235 15 01 00    3.00
95 235 15 02 00    3.00
95 235 15 03 00    3.00
95 235 15 04 00    3.00
95 235 15 05 00    3.00
95 235 16 10 00    4.46
95 235 16 11 00    3.89
95 235 16 12 00    3.33
95 235 16 13 00    2.80
95 235 16 14 00    2.28
95 235 16 15 00    1.77
95 235 16 16 00    1.29
95 235 16 17 00     .82
95 235 16 18 00     .37
95 235 16 31 00     .86
95 235 16 32 00    2.18
95 235 16 33 00    3.74
95 235 16 34 00    5.53
95 235 16 35 00    7.55
95 235 16 36 00    9.82
95 235 16 37 00   12.98
95 235 16 38 00   14.97
95 235 16 39 00   12.56
95 235 16 40 00   12.39
95 235 16 41 00   10.62
95 235 16 42 00    8.08
95 235 16 43 00    5.92
95 235 16 44 00    4.10
95 235 16 45 00    2.63
95 235 16 46 00    1.50
95 235 16 47 00     .71
95 235 21 15 00    9.86
95 235 21 16 00    8.30
95 235 21 17 00    6.86
95 235 21 18 00    5.53
95 235 21 19 00    4.31
95 235 21 20 00    3.21
95 235 21 21 00    2.23
95 235 21 22 00    1.36
95 235 21 23 00     .60
95 235 21 39 00     .16
95 235 21 40 00     .25
95 235 21 41 00     .33
95 235 21 42 00     .39
95 235 21 43 00     .43
95 235 21 44 00     .45
95 235 21 45 00     .45
95 235 21 46 00     .43
95 235 21 47 00     .39
95 235 21 48 00     .34
95 235 22 28 00    2.00
95 235 22 29 00    2.00
95 235 22 30 00    2.00
95 235 22 31 00    2.00
95 235 22 32 00    2.00
95 235 22 33 00    2.00
95 235 22 34 00    2.00
95 235 22 35 00    2.00
95 235 22 36 00    2.00
95 235 22 37 00    2.00
95 235 22 38 00    2.00
95 235 22 39 00    2.00
95 235 22 40 00    2.00
95 235 22 41 00    2.00
95 235 22 42 00    2.00
95 235 22 43 00    2.00
95 235 23 12 00    3.00
95 235 23 13 00    3.00
95 235 23 14 00    3.00
95 235 23 15 00    3.00
95 235 23 16 00    3.00
95 236 00 28 00    4.24
95 236 00 29 00    3.28
95 236 00 30 00    2.48
95 236 00 31 00    1.83
95 236 00 32 00    1.33
95 236 00 33 00     .98
95 236 00 34 00     .79
95 236 00 35 00     .75
95 236 00 36 00     .78
95 236 00 37 00     .85
95 236 00 38 00     .96
95 236 00 39 00    1.10
95 236 00 40 00    1.29
95 236 00 41 00    1.51
95 236 00 42 00    1.76
95 236 00 43 00    2.06
95 236 00 44 00    2.39
95 236 00 45 00    2.76
95 236 00 46 00    3.14
95 236 00 47 00    3.49
95 236 00 48 00    3.79
95 236 00 49 00    4.05
95 236 00 50 00    4.29
95 236 00 51 00    4.57
95 236 00 52 00    4.88
95 236 00 53 00    5.22
95 236 00 54 00    5.49
95 236 00 55 00    5.62
95 236 00 56 00    5.62
95 236 00 57 00    5.58
95 236 00 58 00    5.50
95 236 00 59 00    5.37
95 236 01 00 00    5.15
95 236 01 01 00    4.83
95 236 01 02 00    4.63
95 236 01 03 00    4.87
95 236 01 04 00    5.57
95 236 01 05 00    6.52
95 236 01 06 00    7.31
95 236 01 07 00    7.79
95 236 01 08 00    7.59
95 236 01 09 00    6.99
95 236 01 10 00    7.28
95 236 01 11 00    8.35
95 236 01 12 00    8.40
95 236 01 13 00    7.50
95 236 01 14 00    7.03
95 236 01 15 00    7.10
95 236 01 16 00    7.23
95 236 01 17 00    7.28
95 236 01 18 00    7.00
95 236 01 19 00    6.52
95 236 01 20 00    7.11
95 236 01 21 00    9.12
95 236 01 22 00   10.41
95 236 01 23 00   10.96
95 236 01 24 00   13.24
95 236 01 25 00   13.41
95 236 01 26 00   14.19
95 236 01 27 00   28.93
95 236 01 28 00   32.59
95 236 01 29 00   30.55
95 236 01 30 00   59.06
95 236 01 31 00   41.83
95 236 01 32 00   29.29
95 236 01 33 00   29.10
95 236 01 34 00   26.07
95 236 01 35 00   38.38
95 236 01 36 00   34.27
95 236 01 37 00   14.63
95 236 01 38 00    6.13
95 236 01 39 00    8.13
95 236 01 40 00    8.84
95 236 01 41 00    6.92
95 236 01 42 00    5.37
95 236 01 43 00    4.50
95 236 01 44 00    4.06
95 236 01 45 00    3.95
95 236 01 46 00    4.17
95 236 01 47 00    4.68
95 236 01 48 00    5.42
95 236 01 49 00    6.39
95 236 01 50 00    7.07
95 236 01 51 00    6.56
95 236 01 52 00    5.13
95 236 01 53 00    3.96
95 236 01 54 00    3.29
95 236 01 55 00    3.12
95 236 01 56 00    3.30
95 236 01 57 00    3.53
95 236 01 58 00    3.77
95 236 01 59 00    4.02
95 236 02 00 00    4.28
95 236 02 01 00    4.61
95 236 02 02 00    5.00
95 236 02 03 00    5.42
95 236 02 04 00    5.63
95 236 02 05 00    5.51
95 236 02 06 00    5.17
95 236 02 07 00    4.95
95 236 02 08 00    4.92
95 236 02 09 00    5.02
95 236 02 10 00    5.04
95 236 02 11 00    4.92
95 236 02 12 00    4.73
95 236 02 13 00    4.63
95 236 02 14 00    4.68
95 236 02 15 00    4.85
95 236 02 16 00    5.03
95 236 02 17 00    5.17
95 236 02 18 00    5.27
95 236 02 19 00    5.38
95 236 02 20 00    5.54
95 236 02 21 00    5.67
95 236 02 22 00    5.51
95 236 02 23 00    5.01
95 236 02 24 00    4.32
95 236 02 25 00    3.77
95 236 02 26 00    3.43
95 236 02 27 00    3.29
95 236 02 28 00    3.28
95 236 02 29 00    3.29
95 236 02 30 00    3.28
95 236 02 31 00    3.25
95 236 02 32 00    3.21
95 236 02 33 00    3.20
95 236 02 34 00    3.26
95 236 02 35 00    3.37
95 236 02 36 00    3.55
95 236 02 37 00    3.80
95 236 02 38 00    4.14
95 236 02 39 00    4.57
95 236 02 40 00    5.08
95 236 02 41 00    5.38
95 236 02 42 00    5.16
95 236 02 43 00    4.46
95 236 02 44 00    4.91
95 236 02 45 00    7.96
95 236 02 46 00   11.96
95 236 02 47 00   10.70
95 236 02 48 00    7.76
95 236 02 49 00    5.86
95 236 02 50 00    4.56
95 236 02 51 00    3.71
95 236 02 52 00    3.31
95 236 02 53 00    3.07
95 236 02 54 00    2.87
95 236 02 55 00    2.69
95 236 02 56 00    2.54
95 236 02 57 00    2.41
95 236 02 58 00    2.30
95 236 02 59 00    2.19
95 236 03 00 00    2.08
95 236 03 01 00    1.97
95 236 03 02 00    1.86
95 236 03 03 00    1.75
95 236 03 04 00    1.64
95 236 03 05 00    1.53
95 236 03 06 00    1.44
95 236 03 07 00    1.38
95 236 03 08 00    1.35
95 236 03 09 00    1.35
95 236 03 10 00    1.38
95 236 03 11 00    1.45
95 236 03 12 00    1.54
95 236 03 13 00    1.66
95 236 03 14 00    1.81
95 236 03 15 00    1.99
95 236 03 16 00    2.16
95 236 03 17 00    2.27
95 236 03 18 00    2.33
95 236 03 19 00    2.34
95 236 03 20 00    2.29
95 236 03 21 00    2.20
95 236 03 22 00    2.06
95 236 03 23 00    1.92
95 236 03 24 00    1.81
95 236 03 25 00    1.73
95 236 03 26 00    1.68
95 236 03 27 00    1.66
95 236 03 28 00    1.66
95 236 03 29 00    1.69
95 236 03 30 00    1.74
95 236 03 31 00    1.83
95 236 03 32 00    1.93
95 236 03 33 00    2.05
95 236 03 34 00    2.19
95 236 03 35 00    2.36
95 236 03 36 00    2.54
95 236 03 37 00    2.75
95 236 03 38 00    2.94
95 236 03 39 00    3.08
95 236 03 40 00    3.15
95 236 03 41 00    3.16
95 236 03 42 00    3.11
95 236 03 43 00    3.04
95 236 03 44 00    3.00
95 236 03 45 00    2.99
95 236 03 46 00    3.01
95 236 03 47 00    3.06
95 236 03 48 00    3.12
95 236 03 49 00    3.13
95 236 03 50 00    3.11
95 236 03 51 00    3.04
95 236 03 52 00    2.93
95 236 03 53 00    2.80
95 236 03 54 00    2.69
95 236 03 55 00    2.59
95 236 03 56 00    2.51
95 236 03 57 00    2.45
95 236 03 58 00    2.40
95 236 03 59 00    2.36
95 236 04 00 00    2.31
95 236 04 01 00    2.27
95 236 04 02 00    2.22
95 236 04 03 00    2.17
95 236 04 04 00    2.12
95 236 04 05 00    2.07
95 236 04 06 00    2.04
95 236 04 07 00    2.01
95 236 04 08 00    1.99
95 236 04 09 00    1.99
95 236 04 10 00    1.99
95 236 04 11 00    2.01
95 236 04 12 00    2.04
95 236 04 13 00    2.07
95 236 04 14 00    2.10
95 236 04 15 00    2.11
95 236 04 16 00    2.11
95 236 04 17 00    2.10
95 236 04 18 00    2.09
95 236 04 19 00    2.06
95 236 04 20 00    2.03
95 236 04 21 00    2.00
95 236 04 22 00    1.97
95 236 04 23 00    1.94
95 236 04 24 00    1.91
95 236 04 25 00    1.88
95 236 04 26 00    1.86
95 236 04 27 00    1.83
95 236 04 28 00    1.81
95 236 04 29 00    1.79
95 236 04 30 00    1.77
95 236 04 31 00    1.75
95 236 04 32 00    1.74
95 236 04 33 00    1.72
95 236 04 34 00    1.71
95 236 04 35 00    1.70
95 236 04 36 00    1.69
95 236 04 37 00    1.68
95 236 04 38 00    1.66
95 236 04 39 00    1.64
95 236 04 40 00    1.60
95 236 04 41 00    1.57
95 236 04 42 00    1.52
95 236 04 43 00    1.47
95 236 04 44 00    1.41
95 236 04 45 00    1.35
95 236 04 46 00    1.28
95 236 04 47 00    1.23
95 236 04 48 00    1.18
95 236 04 49 00    1.16
95 236 04 50 00    1.14
95 236 04 51 00    1.14
95 236 04 52 00    1.16
95 236 04 53 00    1.19
95 236 04 54 00    1.23
95 236 04 55 00    1.29
95 236 04 56 00    1.36
95 236 04 57 00    1.45
95 236 04 58 00    1.55
95 236 04 59 00    1.64
95 236 05 00 00    1.73
95 236 05 01 00    1.82
95 236 05 02 00    1.89
95 236 05 03 00    1.95
95 236 05 04 00    2.01
95 236 05 05 00    2.06
95 236 05 06 00    2.10
95 236 05 07 00    2.12
95 236 05 08 00    2.12
95 236 05 09 00    2.10
95 236 05 10 00    2.05
95 236 05 11 00    1.98
95 236 05 12 00    1.88
95 236 05 13 00    1.76
95 236 05 14 00    1.62
95 236 05 15 00    1.49
95 236 05 16 00    1.36
95 236 05 17 00    1.25
95 236 05 18 00    1.15
95 236 05 19 00    1.06
95 236 05 20 00     .98
95 236 05 21 00     .92
95 236 05 22 00     .86
95 236 05 23 00     .81
95 236 05 24 00     .78
95 236 05 25 00     .75
95 236 05 26 00     .74
95 236 05 27 00     .74
95 236 05 28 00     .75
95 236 05 29 00     .76
95 236 05 30 00     .78
95 236 05 31 00     .80
95 236 05 32 00     .82
95 236 05 33 00     .84
95 236 05 34 00     .86
95 236 05 35 00     .88
95 236 05 36 00     .91
95 236 05 37 00     .93
95 236 05 38 00     .96
95 236 05 39 00     .98
95 236 05 40 00    1.01
95 236 05 41 00    1.04
95 236 05 42 00    1.07
95 236 05 43 00    1.10
95 236 05 44 00    1.13
95 236 05 45 00    1.17
95 236 05 46 00    1.22
95 236 05 47 00    1.29
95 236 05 48 00    1.38
95 236 05 49 00    1.50
95 236 05 50 00    1.63
95 236 05 51 00    1.78
95 236 05 52 00    1.94
95 236 05 53 00    2.13
95 236 05 54 00    2.35
95 236 05 55 00    2.65
95 236 05 56 00    3.12
95 236 05 57 00    3.75
95 236 05 58 00    4.56
95 236 05 59 00    5.87
95 236 06 00 00    9.01
95 236 06 01 00   15.71
95 236 06 02 00   29.94
95 236 06 03 00   23.24
95 236 06 04 00   17.28
95 236 06 05 00   23.42
95 236 06 06 00   15.86
95 236 06 07 00    9.66
95 236 06 08 00    9.06
95 236 06 09 00    8.60
95 236 06 10 00    6.63
95 236 06 11 00    4.65
95 236 06 12 00    2.92
95 236 06 13 00    1.44
95 236 06 14 00     .20
95 236 06 27 00     .11
95 236 06 28 00    1.08
95 236 06 29 00    2.20
95 236 06 30 00    3.45
95 236 06 31 00    4.85
95 236 06 32 00    6.38
95 236 06 33 00    8.04
95 236 06 34 00    9.85
95 236 06 35 00   12.42
95 236 06 36 00   19.03
95 236 06 37 00   19.35
95 236 06 38 00   16.83
95 236 06 39 00   18.05
95 236 06 40 00   12.75
95 236 06 41 00    6.70
95 236 06 42 00    2.70
95 236 06 43 00     .77
95 236 07 24 00    4.14
95 236 07 25 00    2.92
95 236 07 26 00    2.00
95 236 07 27 00    1.40
95 236 07 28 00    1.10
95 236 07 29 00    1.11
95 236 07 30 00    1.43
95 236 07 31 00    2.06
95 236 07 32 00    2.84
95 236 07 33 00    3.54
95 236 07 34 00    4.14
95 236 07 35 00    4.64
95 236 07 36 00    4.98
95 236 07 37 00    4.98
95 236 07 38 00    4.62
95 236 07 39 00    3.94
95 236 07 40 00    3.28
95 236 07 41 00    2.73
95 236 07 42 00    2.29
95 236 07 43 00    1.96
95 236 07 44 00    1.74
95 236 07 45 00    1.61
95 236 07 46 00    1.50
95 236 07 47 00    1.39
95 236 07 48 00    1.29
95 236 07 49 00    1.19
95 236 07 50 00    1.09
95 236 07 51 00    1.00
95 236 07 52 00     .91
95 236 07 53 00     .83
95 236 07 54 00     .76
95 236 07 55 00     .68
95 236 07 56 00     .61
95 236 07 57 00     .55
95 236 07 58 00     .49
95 236 07 59 00     .43
95 236 08 00 00     .38
95 236 08 01 00     .34
95 236 08 02 00     .30
95 236 08 03 00     .28
95 236 08 04 00     .33
95 236 08 05 00     .45
95 236 08 06 00     .63
95 236 08 07 00     .88
95 236 08 08 00    1.20
95 236 08 09 00    1.58
95 236 08 10 00    2.03
95 236 08 11 00    2.55
95 236 08 12 00    3.13
95 236 08 13 00    3.78
95 236 08 14 00    4.33
95 236 08 15 00    4.59
95 236 08 16 00    4.54
95 236 08 17 00    4.22
95 236 08 18 00    3.87
95 236 08 19 00    3.59
95 236 08 20 00    3.37
95 236 08 21 00    3.19
95 236 08 22 00    3.00
95 236 08 23 00    2.75
95 236 08 24 00    2.44
95 236 08 25 00    2.08
95 236 08 26 00    1.65
95 236 08 27 00    1.17
95 236 08 28 00     .66
95 236 08 29 00     .22
95 236 08 38 00     .41
95 236 08 39 00     .89
95 236 08 40 00    1.46
95 236 08 41 00    2.12
95 236 08 42 00    2.88
95 236 08 43 00    3.72
95 236 08 44 00    4.66
95 236 08 45 00    5.62
95 236 08 46 00    5.99
95 236 08 47 00    5.46
95 236 08 48 00    4.34
95 236 08 49 00    3.69
95 236 08 50 00    3.71
95 236 08 51 00    4.40
95 236 08 52 00    5.35
95 236 08 53 00    5.65
95 236 08 54 00    5.19
95 236 08 55 00    4.47
95 236 08 56 00    4.21
95 236 08 57 00    4.46
95 236 08 58 00    5.07
95 236 08 59 00    5.28
95 236 09 00 00    4.84
95 236 09 01 00    3.92
95 236 09 02 00    3.71
95 236 09 03 00    4.71
95 236 09 04 00    6.86
95 236 09 05 00    8.39
95 236 09 06 00    7.07
95 236 09 07 00    4.86
95 236 09 08 00    3.95
95 236 09 09 00    4.43
95 236 09 10 00    5.68
95 236 09 11 00    6.21
95 236 09 12 00    5.85
95 236 09 13 00    5.48
95 236 09 14 00    5.86
95 236 09 15 00    6.82
95 236 09 16 00    7.30
95 236 09 17 00    6.97
95 236 09 18 00    6.29
95 236 09 19 00    5.55
95 236 09 20 00    4.85
95 236 09 21 00    4.44
95 236 09 22 00    4.33
95 236 09 23 00    4.50
95 236 09 24 00    4.80
95 236 09 25 00    5.17
95 236 09 26 00    5.58
95 236 09 27 00    5.64
95 236 09 28 00    5.13
95 236 09 29 00    4.18
95 236 09 30 00    3.54
95 236 09 31 00    3.50
95 236 09 32 00    4.05
95 236 09 33 00    5.05
95 236 09 34 00    5.63
95 236 09 35 00    5.42
95 236 09 36 00    4.61
95 236 09 37 00    3.98
95 236 09 38 00    3.73
95 236 09 39 00    3.86
95 236 09 40 00    4.42
95 236 09 41 00    5.52
95 236 09 42 00    7.18
95 236 09 43 00    8.88
95 236 09 44 00    9.80
95 236 09 45 00   10.14
95 236 09 46 00    9.92
95 236 09 47 00    8.41
95 236 09 48 00    6.97
95 236 09 49 00    7.51
95 236 09 50 00    9.31
95 236 09 51 00   10.76
95 236 09 52 00   10.68
95 236 09 53 00    8.92
95 236 09 54 00    6.69
95 236 09 55 00    4.44
95 236 09 56 00    2.56
95 236 09 57 00    1.08
95 236 10 03 00     .49
95 236 10 04 00    1.78
95 236 10 05 00    3.47
95 236 10 06 00    5.49
95 236 10 07 00    6.82
95 236 10 08 00    6.54
95 236 10 09 00    5.18
95 236 10 10 00    4.00
95 236 10 11 00    3.15
95 236 10 12 00    2.64
95 236 10 13 00    2.35
95 236 10 14 00    2.09
95 236 10 15 00    1.85
95 236 10 16 00    1.62
95 236 10 17 00    1.41
95 236 10 18 00    1.21
95 236 10 19 00    1.02
95 236 10 20 00     .85
95 236 10 21 00     .69
95 236 10 22 00     .55
95 236 10 23 00     .42
95 236 10 24 00     .30
95 236 10 25 00     .20
95 236 10 26 00     .11
95 236 10 27 00     .10
95 236 10 28 00     .25
95 236 10 29 00     .56
95 236 10 30 00    1.04
95 236 10 31 00    1.69
95 236 10 32 00    2.51
95 236 10 33 00    3.50
95 236 10 34 00    4.65
95 236 10 35 00    6.01
95 236 10 36 00    7.85
95 236 10 37 00   10.46
95 236 10 38 00   15.11
95 236 10 39 00   18.39
95 236 10 40 00   16.88
95 236 10 41 00   22.04
95 236 10 42 00   25.72
95 236 10 43 00   14.83
95 236 10 44 00    2.81
95 237 05 37 00    3.00
95 237 05 38 00    3.00
95 237 05 39 00    3.00
95 237 05 40 00    3.00
95 237 05 41 00    3.00
95 237 07 10 00    3.00
95 237 07 11 00    3.00
95 237 07 12 00    3.00
95 237 07 13 00    3.00
95 237 07 14 00    3.00
95 237 08 48 00    3.00
95 237 08 49 00    3.00
95 237 08 50 00    3.00
95 237 08 51 00    3.00
95 237 08 52 00    3.00
95 237 12 17 00    3.00
95 237 12 18 00    3.00
95 237 12 19 00    3.00
95 237 12 20 00    3.00
95 237 12 21 00    3.00
95 239 17 29 00   61.09
95 239 17 30 00   36.67
95 239 17 31 00   32.29
95 239 17 32 00   30.76
95 239 17 33 00   27.63
95 239 17 34 00   22.23
95 239 17 35 00   13.31
95 239 17 36 00    7.34
95 239 17 37 00    5.87
95 239 17 38 00    6.99
95 239 17 39 00    8.35
95 239 17 40 00    7.76
95 239 17 41 00    6.57
95 239 17 42 00    6.10
95 239 17 43 00    6.03
95 239 17 44 00    5.31
95 239 17 45 00    3.74
95 239 17 46 00    1.53
95 240 05 47 00    3.00
95 240 05 48 00    3.00
95 240 05 49 00    3.00
95 240 05 50 00    3.00
95 240 05 51 00    3.00
95 240 11 54 00     .98
95 240 12 01 00    5.76
95 240 12 02 00   26.33
95 240 12 03 00   45.38
95 240 12 04 00   10.58
95 240 12 09 00     .32
95 240 12 10 00     .63
95 240 12 11 00     .90
95 240 12 12 00    1.13
95 240 12 13 00    1.31
95 240 12 14 00    1.46
95 240 12 15 00    1.56
95 240 12 16 00    1.62
95 240 12 17 00    1.64
95 240 12 18 00    1.62
95 240 12 19 00    1.56
95 240 12 20 00    1.46
95 240 12 21 00    1.32
95 240 12 22 00    1.13
95 241 17 42 00    3.00
95 241 17 43 00    3.00
95 241 17 44 00    3.00
95 241 17 45 00    3.00
95 241 17 46 00    3.00
95 241 21 07 00    3.00
95 241 21 08 00    3.00
95 241 21 09 00    3.00
95 241 21 10 00    3.00
95 241 21 11 00    3.00
95 241 21 45 00   25.69
95 241 21 46 00   13.77
95 241 21 47 00    5.56
95 241 21 48 00     .69
95 242 01 46 00    3.00
95 242 01 47 00    3.00
95 242 01 48 00    3.00
95 242 01 49 00    3.00
95 242 01 50 00    3.00
95 242 11 36 00    3.00
95 242 11 37 00    3.00
95 242 11 38 00    3.00
95 242 11 39 00    3.00
95 242 11 40 00    3.00
95 242 22 57 00    8.94
95 242 22 58 00    4.67
95 242 22 59 00    3.61
95 242 23 00 00    6.46
95 242 23 01 00   13.79
95 242 23 02 00   15.12
95 242 23 03 00   10.44
95 242 23 04 00   12.94
95 242 23 05 00   14.09
95 242 23 06 00   11.05
95 242 23 07 00    7.49
95 242 23 08 00    5.58
95 242 23 09 00    4.65
95 242 23 10 00    4.50
95 242 23 11 00    5.12
95 242 23 12 00    6.37
95 242 23 13 00    8.17
95 242 23 14 00    9.31
95 242 23 15 00    7.96
95 242 23 16 00    6.16
95 242 23 17 00    5.58
95 242 23 18 00    6.22
95 242 23 19 00    7.92
95 242 23 20 00   10.80
95 242 23 21 00   15.49
95 242 23 22 00   19.85
95 242 23 23 00   25.72
95 242 23 24 00   29.62
95 242 23 25 00   24.65
95 242 23 26 00   24.02
95 242 23 27 00   21.39
95 242 23 28 00   17.04
95 242 23 29 00   18.33
95 242 23 30 00   16.55
95 242 23 31 00   15.75
95 242 23 32 00   17.10
95 242 23 33 00   14.56
95 242 23 34 00   12.44
95 242 23 35 00   10.91
95 242 23 36 00    9.63
95 242 23 37 00    9.07
95 242 23 38 00    9.13
95 242 23 39 00    8.59
95 242 23 40 00    7.64
95 242 23 41 00    7.01
95 242 23 42 00    6.54
95 242 23 43 00    5.82
95 242 23 44 00    4.92
95 242 23 45 00    4.97
95 242 23 46 00    6.55
95 242 23 47 00    9.17
95 242 23 48 00   10.41
95 242 23 49 00    9.63
95 242 23 50 00    7.22
95 242 23 51 00    5.09
95 242 23 52 00    4.35
95 242 23 53 00    4.97
95 242 23 54 00    6.35
95 242 23 55 00    8.13
95 242 23 56 00    9.79
95 242 23 57 00   10.37
95 242 23 58 00    9.32
95 242 23 59 00    6.86
95 243 00 00 00    4.55
95 243 00 01 00    2.67
95 243 00 02 00    1.23
95 243 00 03 00     .22
95 243 14 34 00    2.15
95 243 14 35 00     .84
95 243 14 36 00   26.18
95 243 14 37 00   53.39
95 243 14 38 00   55.96
95 243 14 39 00   62.60
95 243 14 40 00   51.01
95 243 14 41 00   39.38
95 243 14 42 00   40.68
95 243 14 43 00   27.20
95 243 14 44 00   19.65
95 243 14 45 00   14.58
95 243 14 46 00   15.24
95 243 14 47 00   25.20
95 243 14 48 00   19.08
95 243 14 49 00   12.79
95 243 14 50 00    8.98
95 243 14 51 00    6.52
95 243 14 52 00    4.22
95 243 14 53 00    2.02
